289
324
467
515
527
620
891
959
987
1111
1125
1126
1131
1132
1137
1143
1147
1148
1149
1168
1170
1175
1179
1180
1192
1195
1200
1218
1219
1223
1225
1230
1235
1244
1248
1249
1250
1253
1263
1265
1286
1290
1307
1313
1316
1318
1322
1325
1335
1352
1381
1406
1425
1461
1493
1522
1560
1610
1654
1665
1687
1690
1700
1706
1707
1708
1710
1712
1716
1717
1718
1719
1724
1725
1726
1728
1732
1739
1741
1742
1744
1747
1748
1750
1751
1754
1757
1759
1761
1766
1767
1769
1771
1772
1774
1775
1776
1782
1785
1790
1791
1792
1797
1798
1800
1801
1804
1805
1808
1812
1813
1814
1816
1819
1822
1823
1824
1826
1827
1828
1829
1830
1835
1836
1837
1842
1844
1848
1849
1850
1852
1853
1857
1859
1862
1863
1866
1867
1871
1872
1874
1875
1877
1879
1882
1883
1884
1885
1892
1894
1895
1896
1897
1898
1900
1903
1907
1914
1917
1918
1922
1924
1931
1932
1934
1935
1936
1938
1939
1941
1942
1943
1944
1945
1946
1947
1949
1951
1953
1955
1957
1962
1963
1965
1968
1972
1973
1980
1981
1986
1989
1991
1994
1995
1997
1998
2001
2005
2008
2009
